# Effective Area (cm^2), Wavelength (Ang)
     14.48921    2484.90771
     14.56643    2485.36670
     14.64211    2485.82568
     14.71626    2486.28467
     14.78891    2486.74365
     14.86002    2487.20239
     14.92965    2487.66113
     14.99782    2488.11987
     15.06453    2488.57861
     15.12978    2489.03711
     15.19363    2489.49585
     15.25605    2489.95435
     15.31707    2490.41284
     15.37668    2490.87109
     15.43495    2491.32959
     15.49185    2491.78784
     15.54741    2492.24609
     15.60162    2492.70410
     15.65455    2493.16235
     15.70616    2493.62036
     15.75650    2494.07837
     15.80557    2494.53638
     15.85339    2494.99438
     15.89995    2495.45215
     15.94529    2495.90991
     15.98943    2496.36768
     16.03238    2496.82544
     16.07414    2497.28320
     16.11473    2497.74072
     16.15416    2498.19824
     16.19246    2498.65576
     16.22964    2499.11328
     16.26570    2499.57056
     16.30067    2500.02783
     16.33456    2500.48511
     16.36738    2500.94238
     16.39916    2501.39966
     16.42989    2501.85669
     16.45959    2502.31372
     16.48830    2502.77075
     16.51601    2503.22778
     16.54273    2503.68457
     16.56850    2504.14160
     16.59331    2504.59839
     16.61717    2505.05493
     16.64013    2505.51172
     16.66216    2505.96826
     16.68331    2506.42480
     16.70358    2506.88135
     16.72298    2507.33789
     16.74154    2507.79443
     16.75925    2508.25073
     16.77614    2508.70703
     16.79222    2509.16333
     16.80750    2509.61938
     16.82202    2510.07568
     16.83576    2510.53174
     16.84875    2510.98779
     16.86100    2511.44385
     16.87253    2511.89966
     16.88335    2512.35547
     16.89347    2512.81128
     16.90292    2513.26709
     16.91170    2513.72290
     16.91982    2514.17847
     16.92731    2514.63403
     16.93417    2515.08960
     16.94043    2515.54517
     16.94608    2516.00073
     16.95116    2516.45605
     16.95566    2516.91138
     16.95962    2517.36670
     16.96303    2517.82202
     16.96592    2518.27710
     16.96829    2518.73218
     16.97017    2519.18726
     16.97157    2519.64233
     16.97249    2520.09741
     16.97296    2520.55225
     16.97299    2521.00708
     16.97259    2521.46191
     16.97177    2521.91675
     16.97056    2522.37134
     16.96896    2522.82593
     16.96699    2523.28052
     16.96466    2523.73511
     16.96198    2524.18970
     16.95898    2524.64404
     16.95566    2525.09839
     16.95204    2525.55273
     16.94812    2526.00708
     16.94394    2526.46118
     16.93949    2526.91553
     16.93480    2527.36963
     16.92987    2527.82349
     16.92473    2528.27759
     16.91938    2528.73145
     16.91383    2529.18530
     16.90811    2529.63916
     16.90223    2530.09302
     16.89619    2530.54688
     16.89002    2531.00049
     16.88373    2531.45410
     16.87732    2531.90771
     16.87080    2532.36108
     16.86415    2532.81470
     16.85737    2533.26807
     16.85041    2533.72144
     16.84324    2534.17480
     16.83583    2534.62793
     16.82813    2535.08105
     16.82013    2535.53442
     16.81181    2535.98730
     16.80317    2536.44043
     16.79420    2536.89331
     16.78491    2537.34644
     16.77530    2537.79932
     16.76539    2538.25195
     16.75520    2538.70483
     16.74477    2539.15747
     16.73412    2539.61011
     16.72327    2540.06274
     16.71219    2540.51538
     16.70081    2540.96777
     16.68907    2541.42041
     16.67687    2541.87280
     16.66417    2542.32495
     16.65096    2542.77734
     16.63730    2543.22949
     16.62331    2543.68164
     16.60915    2544.13379
     16.59498    2544.58594
     16.58094    2545.03784
     16.56714    2545.48999
     16.55363    2545.94189
     16.54044    2546.39355
     16.52759    2546.84546
     16.51513    2547.29712
     16.50312    2547.74902
     16.49172    2548.20068
     16.48109    2548.65210
     16.47142    2549.10376
     16.46289    2549.55518
     16.45560    2550.00659
     16.44956    2550.45801
     16.44468    2550.90918
     16.44077    2551.36060
     16.43759    2551.81177
     16.43489    2552.26294
     16.43246    2552.71411
     16.43010    2553.16504
     16.42769    2553.61597
     16.42512    2554.06714
     16.42226    2554.51782
     16.41896    2554.96875
     16.41505    2555.41943
     16.41032    2555.87036
     16.40457    2556.32104
     16.39766    2556.77148
     16.38952    2557.22217
     16.38017    2557.67261
     16.36971    2558.12305
     16.35828    2558.57349
     16.34603    2559.02393
     16.33311    2559.47412
     16.31961    2559.92432
     16.30562    2560.37451
     16.29124    2560.82471
     16.27656    2561.27490
     16.26172    2561.72485
     16.24689    2562.17480
     16.23227    2562.62476
     16.21805    2563.07471
     16.20438    2563.52441
     16.19132    2563.97412
     16.17885    2564.42383
     16.16688    2564.87354
     16.15524    2565.32324
     16.14378    2565.77271
     16.13237    2566.22217
     16.12093    2566.67163
     16.10944    2567.12109
     16.09789    2567.57031
     16.08626    2568.01978
     16.07451    2568.46899
     16.06257    2568.91797
     16.05030    2569.36719
     16.03755    2569.81616
     16.02420    2570.26514
     16.01017    2570.71411
     15.99551    2571.16309
     15.98032    2571.61206
     15.96478    2572.06079
     15.94912    2572.50952
     15.93353    2572.95825
     15.91819    2573.40674
     15.90324    2573.85547
     15.88876    2574.30396
     15.87481    2574.75244
     15.86140    2575.20093
     15.84852    2575.64917
     15.83615    2576.09741
     15.82425    2576.54590
     15.81278    2576.99390
     15.80171    2577.44214
     15.79099    2577.89014
     15.78056    2578.33838
     15.77033    2578.78638
     15.76023    2579.23413
     15.75014    2579.68213
     15.73998    2580.12988
     15.72966    2580.57764
     15.71912    2581.02539
     15.70834    2581.47314
     15.69731    2581.92065
     15.68605    2582.36816
     15.67457    2582.81567
     15.66288    2583.26318
     15.65099    2583.71069
     15.63889    2584.15796
     15.62657    2584.60522
     15.61404    2585.05249
     15.60131    2585.49976
     15.58842    2585.94678
     15.57542    2586.39404
     15.56234    2586.84106
     15.54923    2587.28784
     15.53613    2587.73486
     15.52305    2588.18164
     15.50998    2588.62842
     15.49692    2589.07520
     15.48387    2589.52197
     15.47083    2589.96875
     15.45783    2590.41528
     15.44489    2590.86182
     15.43204    2591.30835
     15.41930    2591.75464
     15.40671    2592.20117
     15.39426    2592.64746
     15.38194    2593.09375
     15.36974    2593.53979
     15.35764    2593.98608
     15.34561    2594.43213
     15.33363    2594.87817
     15.32169    2595.32422
     15.30980    2595.77026
     15.29796    2596.21606
     15.28619    2596.66187
     15.27450    2597.10767
     15.26293    2597.55347
     15.25150    2597.99927
     15.24025    2598.44482
     15.22920    2598.89038
     15.21838    2599.33594
     15.20777    2599.78149
     15.19739    2600.22681
     15.18723    2600.67212
     15.17728    2601.11743
     15.16755    2601.56274
     15.15805    2602.00781
     15.14881    2602.45312
     15.13983    2602.89819
     15.13111    2603.34326
     15.12261    2603.78809
     15.11427    2604.23315
     15.10596    2604.67798
     15.09756    2605.12280
     15.08890    2605.56763
     15.07985    2606.01221
     15.07025    2606.45703
     15.06003    2606.90161
     15.04913    2607.34619
     15.03756    2607.79077
     15.02539    2608.23511
     15.01269    2608.67944
     14.99958    2609.12378
     14.98618    2609.56812
     14.97260    2610.01245
     14.95893    2610.45654
     14.94526    2610.90063
     14.93165    2611.34473
     14.91819    2611.78882
     14.90492    2612.23267
     14.89189    2612.67676
     14.87915    2613.12061
     14.86671    2613.56421
     14.85456    2614.00806
     14.84262    2614.45166
     14.83078    2614.89551
     14.81884    2615.33911
     14.80656    2615.78247
     14.79368    2616.22607
     14.77992    2616.66943
     14.76507    2617.11279
     14.74901    2617.55615
     14.73172    2617.99951
     14.71330    2618.44263
     14.69391    2618.88574
     14.67378    2619.32886
     14.65312    2619.77197
     14.63213    2620.21509
     14.61097    2620.65796
     14.58979    2621.10083
     14.56875    2621.54370
     14.54800    2621.98633
     14.52777    2622.42920
     14.50825    2622.87183
     14.48968    2623.31445
     14.47222    2623.75708
     14.45598    2624.19946
     14.44100    2624.64209
     14.42724    2625.08447
     14.41460    2625.52686
     14.40298    2625.96899
     14.39224    2626.41138
     14.38226    2626.85352
     14.37290    2627.29565
     14.36401    2627.73779
     14.35541    2628.17993
     14.34690    2628.62183
     14.33824    2629.06372
     14.32919    2629.50562
     14.31953    2629.94751
     14.30910    2630.38916
     14.29779    2630.83081
     14.28562    2631.27246
     14.27268    2631.71411
     14.25912    2632.15576
     14.24511    2632.59717
     14.23082    2633.03857
     14.21636    2633.47998
     14.20187    2633.92139
     14.18742    2634.36279
     14.17313    2634.80396
     14.15912    2635.24512
     14.14554    2635.68628
     14.13255    2636.12720
     14.12029    2636.56836
     14.10886    2637.00928
     14.09828    2637.45020
     14.08847    2637.89111
     14.07927    2638.33179
     14.07046    2638.77246
     14.06181    2639.21338
     14.05313    2639.65381
     14.04424    2640.09448
     14.03505    2640.53491
     14.02552    2640.97559
     14.01566    2641.41602
     14.00553    2641.85620
     13.99518    2642.29663
     13.98469    2642.73682
     13.97412    2643.17700
     13.96348    2643.61719
     13.95280    2644.05737
     13.94207    2644.49731
     13.93128    2644.93750
     13.92045    2645.37744
     13.90962    2645.81714
     13.89880    2646.25708
     13.88805    2646.69678
     13.87738    2647.13647
     13.86678    2647.57617
     13.85622    2648.01587
     13.84564    2648.45532
     13.83501    2648.89502
     13.82428    2649.33447
     13.81346    2649.77393
     13.80257    2650.21313
     13.79167    2650.65234
     13.78081    2651.09180
     13.77004    2651.53101
     13.75937    2651.96997
     13.74882    2652.40918
     13.73836    2652.84814
     13.72799    2653.28711
     13.71772    2653.72607
     13.70754    2654.16479
     13.69747    2654.60376
     13.68752    2655.04248
     13.67769    2655.48120
     13.66797    2655.91992
     13.65833    2656.35840
     13.64875    2656.79688
     13.63919    2657.23560
     13.62961    2657.67383
     13.62001    2658.11230
     13.61038    2658.55054
     13.60070    2658.98901
     13.59100    2659.42725
     13.58128    2659.86523
     13.57157    2660.30347
     13.56187    2660.74146
     13.55222    2661.17944
     13.54264    2661.61743
     13.53313    2662.05542
     13.52371    2662.49316
     13.51435    2662.93091
     13.50505    2663.36865
     13.49574    2663.80640
     13.48637    2664.24414
     13.47688    2664.68164
     13.46723    2665.11914
     13.45735    2665.55664
     13.44724    2665.99414
     13.43686    2666.43140
     13.42620    2666.86865
     13.41524    2667.30591
     13.40396    2667.74316
     13.39234    2668.18042
     13.38036    2668.61743
     13.36804    2669.05444
     13.35539    2669.49146
     13.34246    2669.92847
     13.32937    2670.36523
     13.31624    2670.80225
     13.30322    2671.23901
     13.29048    2671.67578
     13.27818    2672.11230
     13.26641    2672.54883
     13.25526    2672.98560
     13.24471    2673.42212
     13.23475    2673.85840
     13.22530    2674.29492
     13.21628    2674.73120
     13.20760    2675.16748
     13.19917    2675.60376
     13.19092    2676.04004
     13.18277    2676.47607
     13.17469    2676.91211
     13.16662    2677.34814
     13.15856    2677.78418
     13.15048    2678.21997
     13.14238    2678.65601
     13.13428    2679.09180
     13.12619    2679.52759
     13.11813    2679.96313
     13.11014    2680.39893
     13.10227    2680.83447
     13.09457    2681.27002
     13.08711    2681.70557
     13.07993    2682.14087
     13.07309    2682.57617
     13.06660    2683.01172
     13.06042    2683.44678
     13.05452    2683.88208
     13.04879    2684.31738
     13.04314    2684.75244
     13.03748    2685.18750
     13.03171    2685.62256
     13.02579    2686.05737
     13.01969    2686.49219
     13.01342    2686.92725
     13.00699    2687.36182
     13.00042    2687.79663
     12.99372    2688.23145
     12.98689    2688.66602
     12.97990    2689.10059
     12.97272    2689.53516
     12.96532    2689.96948
     12.95766    2690.40405
     12.94970    2690.83838
     12.94142    2691.27271
     12.93279    2691.70679
     12.92381    2692.14111
     12.91451    2692.57520
     12.90491    2693.00928
     12.89505    2693.44336
     12.88498    2693.87744
     12.87478    2694.31128
     12.86453    2694.74512
     12.85432    2695.17896
     12.84427    2695.61279
     12.83448    2696.04639
     12.82510    2696.48022
     12.81622    2696.91382
     12.80794    2697.34741
     12.80032    2697.78076
     12.79334    2698.21436
     12.78698    2698.64771
     12.78114    2699.08105
     12.77570    2699.51416
     12.77051    2699.94751
     12.76543    2700.38062
     12.76030    2700.81372
     12.75499    2701.24683
     12.74940    2701.67993
     12.74343    2702.11279
     12.73704    2702.54590
     12.73017    2702.97852
     12.72282    2703.41138
     12.71497    2703.84424
     12.70666    2704.27686
     12.69793    2704.70947
     12.68886    2705.14209
     12.67951    2705.57471
     12.66999    2706.00708
     12.66035    2706.43945
     12.65065    2706.87183
     12.64092    2707.30420
     12.63119    2707.73657
     12.62147    2708.16870
     12.61176    2708.60083
     12.60211    2709.03296
     12.59256    2709.46509
     12.58319    2709.89697
     12.57408    2710.32910
     12.56530    2710.76099
     12.55690    2711.19287
     12.54891    2711.62451
     12.54134    2712.05615
     12.53417    2712.48804
     12.52741    2712.91968
     12.52103    2713.35107
     12.51505    2713.78271
     12.50944    2714.21411
     12.50419    2714.64551
     12.49926    2715.07690
     12.49457    2715.50830
     12.49003    2715.93945
     12.48554    2716.37061
     12.48098    2716.80176
     12.47625    2717.23291
     12.47129    2717.66382
     12.46606    2718.09497
     12.46052    2718.52588
     12.45469    2718.95679
     12.44861    2719.38745
     12.44232    2719.81836
     12.43590    2720.24902
     12.42943    2720.67969
     12.42298    2721.11035
     12.41663    2721.54077
     12.41042    2721.97119
     12.40440    2722.40161
     12.39856    2722.83203
     12.39290    2723.26245
     12.38740    2723.69263
     12.38202    2724.12305
     12.37674    2724.55322
     12.37151    2724.98315
     12.36630    2725.41333
     12.36107    2725.84326
     12.35578    2726.27319
     12.35038    2726.70312
     12.34482    2727.13306
     12.33908    2727.56274
     12.33315    2727.99268
     12.32705    2728.42236
     12.32079    2728.85205
     12.31444    2729.28149
     12.30802    2729.71094
     12.30158    2730.14062
     12.29516    2730.57007
     12.28879    2730.99927
     12.28250    2731.42871
     12.27631    2731.85791
     12.27025    2732.28711
     12.26433    2732.71631
     12.25854    2733.14526
     12.25287    2733.57446
     12.24730    2734.00342
     12.24179    2734.43237
     12.23633    2734.86133
     12.23088    2735.29004
     12.22543    2735.71875
     12.21995    2736.14746
     12.21443    2736.57617
     12.20883    2737.00488
     12.20313    2737.43335
     12.19730    2737.86206
     12.19134    2738.29028
     12.18525    2738.71875
     12.17907    2739.14722
     12.17285    2739.57544
     12.16662    2740.00366
     12.16044    2740.43188
     12.15434    2740.86011
     12.14831    2741.28809
     12.14237    2741.71606
     12.13648    2742.14404
     12.13064    2742.57202
     12.12485    2743.00000
     12.11916    2743.42773
     12.11360    2743.85547
     12.10825    2744.28320
     12.10317    2744.71094
     12.09837    2745.13843
     12.09387    2745.56592
     12.08964    2745.99341
     12.08564    2746.42090
     12.08181    2746.84839
     12.07811    2747.27563
     12.07451    2747.70288
     12.07103    2748.13013
     12.06767    2748.55737
     12.06450    2748.98438
     12.06152    2749.41138
     12.05875    2749.83838
     12.05619    2750.26538
     12.05378    2750.69238
     12.05148    2751.11914
     12.04924    2751.54590
     12.04703    2751.97266
     12.04487    2752.39941
     12.04276    2752.82593
     12.04075    2753.25269
     12.03885    2753.67920
     12.03710    2754.10571
     12.03548    2754.53198
     12.03397    2754.95850
     12.03254    2755.38477
     12.03115    2755.81104
     12.02977    2756.23706
     12.02838    2756.66333
     12.02698    2757.08936
     12.02560    2757.51538
     12.02423    2757.94141
     12.02291    2758.36743
     12.02163    2758.79321
     12.02041    2759.21899
     12.01927    2759.64478
     12.01824    2760.07056
     12.01736    2760.49634
     12.01668    2760.92188
     12.01623    2761.34741
     12.01602    2761.77295
     12.01601    2762.19849
     12.01610    2762.62378
     12.01617    2763.04907
     12.01608    2763.47437
     12.01570    2763.89966
     12.01496    2764.32495
     12.01383    2764.75000
     12.01232    2765.17505
     12.01046    2765.60010
     12.00827    2766.02515
     12.00579    2766.44995
     12.00302    2766.87476
     12.00000    2767.29956
     11.99682    2767.72437
     11.99359    2768.14917
     11.99046    2768.57373
     11.98762    2768.99829
     11.98517    2769.42285
     11.98320    2769.84741
     11.98169    2770.27173
     11.98061    2770.69629
     11.97987    2771.12061
     11.97942    2771.54468
     11.97925    2771.96899
     11.97936    2772.39307
     11.97975    2772.81738
     11.98040    2773.24121
     11.98125    2773.66528
     11.98217    2774.08936
     11.98300    2774.51318
     11.98358    2774.93701
     11.98379    2775.36084
     11.98361    2775.78442
     11.98307    2776.20825
     11.98230    2776.63184
     11.98144    2777.05542
     11.98061    2777.47900
     11.97991    2777.90234
     11.97936    2778.32593
     11.97894    2778.74927
     11.97860    2779.17261
     11.97830    2779.59570
     11.97799    2780.01904
     11.97766    2780.44214
     11.97731    2780.86523
     11.97698    2781.28833
     11.97672    2781.71118
     11.97656    2782.13403
     11.97655    2782.55688
     11.97672    2782.97974
     11.97707    2783.40259
     11.97758    2783.82520
     11.97820    2784.24805
     11.97887    2784.67065
     11.97951    2785.09302
     11.98004    2785.51562
     11.98039    2785.93799
     11.98054    2786.36060
     11.98047    2786.78271
     11.98019    2787.20508
     11.97972    2787.62744
     11.97909    2788.04956
     11.97832    2788.47168
     11.97743    2788.89380
     11.97644    2789.31567
     11.97539    2789.73779
     11.97433    2790.15967
     11.97329    2790.58154
     11.97236    2791.00317
     11.97160    2791.42505
     11.97107    2791.84668
     11.97084    2792.26831
     11.97093    2792.68994
     11.97137    2793.11157
     11.97216    2793.53296
     11.97327    2793.95435
     11.97468    2794.37573
     11.97636    2794.79712
     11.97826    2795.21826
     11.98035    2795.63965
     11.98260    2796.06079
     11.98497    2796.48193
     11.98744    2796.90283
     11.99000    2797.32397
     11.99264    2797.74487
     11.99535    2798.16577
     11.99815    2798.58667
     12.00104    2799.00732
     12.00403    2799.42798
     12.00715    2799.84863
     12.01044    2800.26929
     12.01393    2800.68994
     12.01767    2801.11035
     12.02168    2801.53101
     12.02599    2801.95142
     12.03058    2802.37158
     12.03542    2802.79199
     12.04045    2803.21216
     12.04563    2803.63232
     12.05090    2804.05249
     12.05619    2804.47266
     12.06147    2804.89258
     12.06669    2805.31274
     12.07180    2805.73267
     12.07672    2806.15234
     12.08139    2806.57227
     12.08570    2806.99194
     12.08957    2807.41162
     12.09290    2807.83130
     12.09566    2808.25098
     12.09781    2808.67065
     12.09937    2809.09009
     12.10040    2809.50952
     12.10098    2809.92896
     12.10120    2810.34814
     12.10116    2810.76758
     12.10096    2811.18677
     12.10068    2811.60596
     12.10040    2812.02490
     12.10019    2812.44409
     12.10008    2812.86304
     12.10014    2813.28198
     12.10039    2813.70093
     12.10087    2814.11987
     12.10158    2814.53857
     12.10253    2814.95728
     12.10370    2815.37598
     12.10506    2815.79468
     12.10658    2816.21313
     12.10820    2816.63184
     12.10990    2817.05029
     12.11167    2817.46875
     12.11352    2817.88696
     12.11546    2818.30542
     12.11750    2818.72363
     12.11967    2819.14185
     12.12196    2819.56006
     12.12434    2819.97803
     12.12678    2820.39624
     12.12923    2820.81421
     12.13167    2821.23218
     12.13407    2821.64990
     12.13641    2822.06787
     12.13866    2822.48560
     12.14077    2822.90332
     12.14265    2823.32104
     12.14418    2823.73853
     12.14524    2824.15625
     12.14572    2824.57373
     12.14554    2824.99121
     12.14473    2825.40845
     12.14339    2825.82593
     12.14170    2826.24316
     12.13988    2826.66040
     12.13814    2827.07764
     12.13669    2827.49463
     12.13568    2827.91187
     12.13520    2828.32886
     12.13534    2828.74585
     12.13615    2829.16284
     12.13767    2829.57959
     12.13992    2829.99634
     12.14288    2830.41309
     12.14647    2830.82983
     12.15057    2831.24658
     12.15500    2831.66309
     12.15959    2832.07959
     12.16421    2832.49609
     12.16875    2832.91260
     12.17319    2833.32886
     12.17756    2833.74536
     12.18185    2834.16162
     12.18607    2834.57788
     12.19017    2834.99390
     12.19408    2835.41016
     12.19771    2835.82617
     12.20100    2836.24219
     12.20394    2836.65820
     12.20659    2837.07397
     12.20904    2837.48975
     12.21139    2837.90552
     12.21371    2838.32129
     12.21602    2838.73706
     12.21826    2839.15259
     12.22031    2839.56836
     12.22203    2839.98389
     12.22332    2840.39917
     12.22412    2840.81470
     12.22446    2841.22998
     12.22441    2841.64526
     12.22411    2842.06055
     12.22371    2842.47583
     12.22336    2842.89087
     12.22317    2843.30615
     12.22325    2843.72119
     12.22363    2844.13599
     12.22430    2844.55103
     12.22524    2844.96582
     12.22641    2845.38062
     12.22775    2845.79541
     12.22922    2846.21021
     12.23084    2846.62500
     12.23263    2847.03955
     12.23466    2847.45410
     12.23697    2847.86865
     12.23963    2848.28296
     12.24266    2848.69751
     12.24605    2849.11182
     12.24977    2849.52612
     12.25379    2849.94019
     12.25806    2850.35449
     12.26260    2850.76855
     12.26742    2851.18262
     12.27256    2851.59668
     12.27803    2852.01074
     12.28386    2852.42456
     12.28999    2852.83838
     12.29636    2853.25220
     12.30283    2853.66602
     12.30929    2854.07959
     12.31559    2854.49341
     12.32164    2854.90698
     12.32738    2855.32056
     12.33279    2855.73389
     12.33789    2856.14746
     12.34270    2856.56079
     12.34724    2856.97412
     12.35154    2857.38745
     12.35561    2857.80054
     12.35945    2858.21362
     12.36304    2858.62695
     12.36637    2859.03979
     12.36943    2859.45288
     12.37219    2859.86597
     12.37467    2860.27881
     12.37687    2860.69165
     12.37882    2861.10449
     12.38054    2861.51709
     12.38207    2861.92969
     12.38341    2862.34253
     12.38457    2862.75488
     12.38553    2863.16748
     12.38627    2863.58008
     12.38675    2863.99243
     12.38699    2864.40479
     12.38700    2864.81714
     12.38685    2865.22925
     12.38663    2865.64160
     12.38641    2866.05371
     12.38629    2866.46582
     12.38633    2866.87769
     12.38658    2867.28979
     12.38708    2867.70166
     12.38785    2868.11353
     12.38893    2868.52539
     12.39035    2868.93726
     12.39214    2869.34888
     12.39432    2869.76050
     12.39691    2870.17212
     12.39991    2870.58374
     12.40329    2870.99512
     12.40702    2871.40674
     12.41108    2871.81812
     12.41542    2872.22925
     12.41999    2872.64062
     12.42474    2873.05176
     12.42960    2873.46313
     12.43451    2873.87427
     12.43939    2874.28516
     12.44418    2874.69629
     12.44882    2875.10718
     12.45327    2875.51807
     12.45750    2875.92896
     12.46151    2876.33984
     12.46529    2876.75049
     12.46885    2877.16113
     12.47219    2877.57178
     12.47532    2877.98242
     12.47824    2878.39307
     12.48095    2878.80347
     12.48343    2879.21387
     12.48568    2879.62427
     12.48768    2880.03467
     12.48940    2880.44482
     12.49086    2880.85498
     12.49207    2881.26514
     12.49308    2881.67529
     12.49395    2882.08545
     12.49475    2882.49536
     12.49555    2882.90527
     12.49638    2883.31519
     12.49729    2883.72510
     12.49828    2884.13477
     12.49936    2884.54468
     12.50055    2884.95435
     12.50187    2885.36377
     12.50338    2885.77344
     12.50513    2886.18286
     12.50718    2886.59229
     12.50955    2887.00171
     12.51224    2887.41113
     12.51521    2887.82056
     12.51841    2888.22974
     12.52177    2888.63892
     12.52527    2889.04810
     12.52888    2889.45703
     12.53263    2889.86621
     12.53654    2890.27515
     12.54064    2890.68408
     12.54496    2891.09302
     12.54950    2891.50171
     12.55424    2891.91040
     12.55915    2892.31909
     12.56420    2892.72778
     12.56937    2893.13647
     12.57464    2893.54492
     12.58002    2893.95361
     12.58550    2894.36206
     12.59109    2894.77026
     12.59677    2895.17871
     12.60250    2895.58691
     12.60824    2895.99512
     12.61395    2896.40332
     12.61959    2896.81152
     12.62515    2897.21948
     12.63064    2897.62744
     12.63610    2898.03540
     12.64158    2898.44336
     12.64712    2898.85132
     12.65278    2899.25903
     12.65858    2899.66675
     12.66454    2900.07446
     12.67068    2900.48218
     12.67700    2900.88965
     12.68349    2901.29712
     12.69015    2901.70459
     12.69695    2902.11206
     12.70385    2902.51953
     12.71078    2902.92676
     12.71769    2903.33398
     12.72449    2903.74121
     12.73111    2904.14844
     12.73746    2904.55542
     12.74349    2904.96265
     12.74915    2905.36963
     12.75443    2905.77661
     12.75930    2906.18335
     12.76379    2906.59009
     12.76791    2906.99707
     12.77171    2907.40381
     12.77523    2907.81030
     12.77851    2908.21704
     12.78158    2908.62354
     12.78447    2909.03003
     12.78718    2909.43652
     12.78973    2909.84302
     12.79213    2910.24927
     12.79442    2910.65552
     12.79662    2911.06177
     12.79876    2911.46802
     12.80087    2911.87402
     12.80294    2912.28027
     12.80492    2912.68628
     12.80677    2913.09229
     12.80843    2913.49805
     12.80983    2913.90405
     12.81099    2914.30981
     12.81193    2914.71558
     12.81274    2915.12134
     12.81352    2915.52686
     12.81436    2915.93262
     12.81532    2916.33813
     12.81646    2916.74341
     12.81777    2917.14893
     12.81923    2917.55444
     12.82084    2917.95972
     12.82258    2918.36499
     12.82448    2918.77026
     12.82657    2919.17529
     12.82886    2919.58057
     12.83140    2919.98560
     12.83421    2920.39062
     12.83730    2920.79541
     12.84065    2921.20044
     12.84427    2921.60522
     12.84813    2922.01001
     12.85222    2922.41479
     12.85654    2922.81934
     12.86107    2923.22412
     12.86580    2923.62866
     12.87074    2924.03320
     12.87588    2924.43774
     12.88121    2924.84204
     12.88672    2925.24634
     12.89239    2925.65063
     12.89817    2926.05493
     12.90401    2926.45923
     12.90986    2926.86328
     12.91566    2927.26733
     12.92138    2927.67139
     12.92699    2928.07544
     12.93248    2928.47925
     12.93787    2928.88330
     12.94316    2929.28711
     12.94836    2929.69092
     12.95349    2930.09448
     12.95852    2930.49829
     12.96346    2930.90186
     12.96831    2931.30542
     12.97305    2931.70898
     12.97770    2932.11230
     12.98222    2932.51562
     12.98659    2932.91919
     12.99078    2933.32227
     12.99475    2933.72559
     12.99847    2934.12891
     13.00193    2934.53198
     13.00513    2934.93506
     13.00810    2935.33789
     13.01088    2935.74097
     13.01351    2936.14380
     13.01602    2936.54663
     13.01843    2936.94946
     13.02076    2937.35229
     13.02301    2937.75488
     13.02522    2938.15771
     13.02744    2938.56030
     13.02972    2938.96289
     13.03216    2939.36523
     13.03486    2939.76758
     13.03795    2940.17017
     13.04152    2940.57251
     13.04566    2940.97461
     13.05041    2941.37695
     13.05577    2941.77905
     13.06170    2942.18115
     13.06813    2942.58325
     13.07500    2942.98511
     13.08222    2943.38721
     13.08975    2943.78906
     13.09756    2944.19092
     13.10561    2944.59277
     13.11385    2944.99438
     13.12225    2945.39600
     13.13071    2945.79761
     13.13912    2946.19922
     13.14735    2946.60083
     13.15529    2947.00220
     13.16286    2947.40356
     13.17004    2947.80493
     13.17690    2948.20630
     13.18355    2948.60767
     13.19014    2949.00879
     13.19681    2949.40991
     13.20370    2949.81104
     13.21086    2950.21191
     13.21834    2950.61304
     13.22613    2951.01392
     13.23422    2951.41479
     13.24262    2951.81567
     13.25135    2952.21631
     13.26049    2952.61719
     13.27008    2953.01782
     13.28019    2953.41846
     13.29081    2953.81885
     13.30190    2954.21948
     13.31336    2954.61987
     13.32505    2955.02026
     13.33681    2955.42065
     13.34852    2955.82080
     13.36005    2956.22119
     13.37136    2956.62134
     13.38242    2957.02148
     13.39322    2957.42139
     13.40375    2957.82153
     13.41402    2958.22144
     13.42400    2958.62134
     13.43365    2959.02124
     13.44296    2959.42114
     13.45190    2959.82080
     13.46051    2960.22046
     13.46882    2960.62012
     13.47689    2961.01978
     13.48477    2961.41919
     13.49255    2961.81860
     13.50026    2962.21802
     13.50796    2962.61743
     13.51568    2963.01685
     13.52343    2963.41602
     13.53123    2963.81519
     13.53910    2964.21436
     13.54706    2964.61353
     13.55512    2965.01270
     13.56332    2965.41162
     13.57169    2965.81055
     13.58024    2966.20947
     13.58900    2966.60815
     13.59796    2967.00708
     13.60711    2967.40576
     13.61639    2967.80444
     13.62574    2968.20312
     13.63509    2968.60156
     13.64436    2969.00024
     13.65349    2969.39868
     13.66246    2969.79688
     13.67124    2970.19531
     13.67984    2970.59375
     13.68826    2970.99194
     13.69650    2971.39014
     13.70456    2971.78833
     13.71241    2972.18628
     13.72006    2972.58423
     13.72750    2972.98242
     13.73474    2973.38013
     13.74182    2973.77808
     13.74880    2974.17603
     13.75575    2974.57373
     13.76273    2974.97144
     13.76981    2975.36914
     13.77700    2975.76660
     13.78432    2976.16406
     13.79173    2976.56177
     13.79919    2976.95923
     13.80664    2977.35645
     13.81402    2977.75391
     13.82128    2978.15112
     13.82836    2978.54834
     13.83523    2978.94556
     13.84185    2979.34253
     13.84821    2979.73975
     13.85428    2980.13672
     13.86005    2980.53369
     13.86553    2980.93066
     13.87071    2981.32739
     13.87561    2981.72412
     13.88023    2982.12085
     13.88460    2982.51758
     13.88874    2982.91431
     13.89267    2983.31079
     13.89641    2983.70728
     13.90000    2984.10376
     13.90346    2984.50024
     13.90681    2984.89673
     13.91010    2985.29297
     13.91338    2985.68921
     13.91671    2986.08545
     13.92014    2986.48145
     13.92372    2986.87769
     13.92747    2987.27368
     13.93141    2987.66968
     13.93553    2988.06567
     13.93983    2988.46143
     13.94430    2988.85742
     13.94893    2989.25317
     13.95374    2989.64893
     13.95873    2990.04443
     13.96391    2990.44019
     13.96928    2990.83569
     13.97480    2991.23120
     13.98046    2991.62671
     13.98623    2992.02197
     13.99209    2992.41748
     13.99804    2992.81274
     14.00408    2993.20801
     14.01021    2993.60303
     14.01643    2993.99829
     14.02271    2994.39331
     14.02902    2994.78833
     14.03531    2995.18335
     14.04152    2995.57812
     14.04760    2995.97314
     14.05355    2996.36792
     14.05935    2996.76270
     14.06504    2997.15723
     14.07062    2997.55200
     14.07612    2997.94653
     14.08153    2998.34106
     14.08687    2998.73560
     14.09212    2999.13013
     14.09725    2999.52441
     14.10224    2999.91870
     14.10703    3000.31299
     14.11155    3000.70728
     14.11578    3001.10132
     14.11969    3001.49561
     14.12329    3001.88965
     14.12660    3002.28369
     14.12968    3002.67749
     14.13258    3003.07153
     14.13534    3003.46533
     14.13800    3003.85913
     14.14055    3004.25269
     14.14302    3004.64648
     14.14538    3005.04004
     14.14767    3005.43359
     14.14990    3005.82715
     14.15215    3006.22070
     14.15447    3006.61401
     14.15692    3007.00757
     14.15948    3007.40088
     14.16212    3007.79395
     14.16472    3008.18726
     14.16715    3008.58032
     14.16925    3008.97339
     14.17088    3009.36646
     14.17193    3009.75952
     14.17230    3010.15234
     14.17192    3010.54517
     14.17074    3010.93799
     14.16872    3011.33081
     14.16581    3011.72363
     14.16199    3012.11621
     14.15726    3012.50879
     14.15163    3012.90137
     14.14516    3013.29395
     14.13794    3013.68628
     14.13007    3014.07886
     14.12169    3014.47119
     14.11294    3014.86328
     14.10392    3015.25562
     14.09475    3015.64771
     14.08548    3016.04004
     14.07619    3016.43213
     14.06691    3016.82397
     14.05773    3017.21606
     14.04869    3017.60791
     14.03987    3017.99976
     14.03132    3018.39160
     14.02309    3018.78320
     14.01520    3019.17505
     14.00763    3019.56665
     14.00035    3019.95825
     13.99333    3020.34985
     13.98653    3020.74121
     13.97994    3021.13281
     13.97355    3021.52417
     13.96736    3021.91528
     13.96139    3022.30664
     13.95566    3022.69775
     13.95018    3023.08911
     13.94495    3023.48022
     13.93998    3023.87109
     13.93527    3024.26221
     13.93083    3024.65308
     13.92665    3025.04395
     13.92272    3025.43481
     13.91900    3025.82568
     13.91545    3026.21631
     13.91202    3026.60718
     13.90863    3026.99780
     13.90523    3027.38818
     13.90178    3027.77881
     13.89825    3028.16919
     13.89462    3028.55957
     13.89087    3028.94995
     13.88700    3029.34033
     13.88299    3029.73047
     13.87886    3030.12085
     13.87461    3030.51099
     13.87030    3030.90088
     13.86597    3031.29102
     13.86170    3031.68091
     13.85754    3032.07080
     13.85355    3032.46069
     13.84974    3032.85059
     13.84607    3033.24048
     13.84248    3033.63013
     13.83888    3034.01978
     13.83516    3034.40942
     13.83122    3034.79883
     13.82699    3035.18848
     13.82240    3035.57788
     13.81743    3035.96729
     13.81205    3036.35645
     13.80628    3036.74585
     13.80012    3037.13501
     13.79363    3037.52417
     13.78688    3037.91333
     13.78003    3038.30249
     13.77333    3038.69141
     13.76716    3039.08032
     13.76203    3039.46924
     13.75860    3039.85815
     13.75766    3040.24707
     13.76008    3040.63574
     13.76673    3041.02441
     13.77837    3041.41309
     13.79554    3041.80151
     13.81839    3042.19019
     13.84664    3042.57861
     13.84469    3042.96704
     13.84268    3043.35547
     13.84055    3043.74365
     13.83829    3044.13208
     13.83585    3044.52026
     13.83322    3044.90845
     13.83035    3045.29639
     13.82722    3045.68457
     13.82382    3046.07251
     13.84876    3046.46045
     13.86820    3046.84839
     13.88218    3047.23608
     13.89113    3047.62402
     13.89577    3048.01172
     13.89690    3048.39941
     13.89537    3048.78687
     13.89190    3049.17456
     13.88712    3049.56201
     13.88148    3049.94946
     13.87531    3050.33691
     13.86880    3050.72412
     13.86207    3051.11157
     13.85517    3051.49878
     13.84812    3051.88599
     13.84094    3052.27319
     13.83367    3052.66016
     13.82634    3053.04712
     13.81899    3053.43408
     13.81169    3053.82104
     13.80448    3054.20801
     13.79740    3054.59473
     13.79045    3054.98145
     13.78366    3055.36816
     13.77702    3055.75488
     13.77053    3056.14160
     13.76418    3056.52808
     13.75792    3056.91455
     13.75167    3057.30103
     13.74534    3057.68726
     13.73881    3058.07373
     13.73198    3058.45996
     13.72479    3058.84619
     13.71724    3059.23242
     13.70934    3059.61841
     13.70115    3060.00464
     13.69275    3060.39062
     13.68417    3060.77661
     13.67547    3061.16235
     13.66663    3061.54834
     13.65767    3061.93408
     13.64858    3062.31982
     13.63942    3062.70557
     13.63022    3063.09106
     13.62108    3063.47656
     13.61209    3063.86230
     13.60334    3064.24756
     13.59487    3064.63306
     13.58671    3065.01855
     13.57886    3065.40381
     13.57130    3065.78906
     13.56402    3066.17432
     13.55703    3066.55933
     13.55035    3066.94458
     13.54403    3067.32959
     13.53809    3067.71460
     13.53258    3068.09937
     13.52751    3068.48438
     13.52290    3068.86914
     13.51874    3069.25391
     13.51501    3069.63867
     13.51170    3070.02319
     13.50879    3070.40796
     13.50627    3070.79248
     13.50416    3071.17700
     13.50243    3071.56152
     13.50111    3071.94580
     13.50016    3072.33008
     13.49956    3072.71436
     13.49925    3073.09863
     13.49918    3073.48291
     13.49927    3073.86694
     13.49948    3074.25122
     13.49976    3074.63501
     13.50005    3075.01904
     13.50029    3075.40308
     13.50043    3075.78687
     13.50039    3076.17065
     13.50010    3076.55444
     13.49948    3076.93823
     13.49847    3077.32178
     13.49702    3077.70532
     13.49510    3078.08887
     13.49270    3078.47241
     13.48983    3078.85596
     13.48652    3079.23926
     13.48282    3079.62256
     13.47876    3080.00586
     13.47441    3080.38892
     13.46981    3080.77222
     13.46501    3081.15527
     13.46003    3081.53833
     13.45489    3081.92139
     13.44958    3082.30420
     13.44409    3082.68726
     13.43842    3083.07007
     13.43258    3083.45288
     13.42661    3083.83569
     13.42056    3084.21826
     13.41452    3084.60083
     13.40857    3084.98340
     13.40279    3085.36597
     13.39727    3085.74854
     13.39205    3086.13086
     13.38718    3086.51318
     13.38268    3086.89551
     13.37857    3087.27783
     13.37487    3087.65991
     13.37159    3088.04199
     13.36870    3088.42432
     13.36619    3088.80615
     13.36402    3089.18823
     13.36212    3089.57007
     13.36046    3089.95215
     13.35898    3090.33374
     13.35766    3090.71558
     13.35646    3091.09741
     13.35537    3091.47900
     13.35435    3091.86060
     13.35341    3092.24219
     13.35252    3092.62378
     13.35172    3093.00513
     13.35104    3093.38647
     13.35051    3093.76782
     13.35023    3094.14917
     13.35026    3094.53027
     13.35069    3094.91162
     13.35156    3095.29272
     13.35288    3095.67383
     13.35456    3096.05469
     13.35643    3096.43579
     13.35817    3096.81665
     13.35936    3097.19751
     13.35941    3097.57837
     13.35759    3097.95898
     13.35311    3098.33984
     13.34511    3098.72046
     13.33279    3099.10107
     13.31554    3099.48145
     13.29310    3099.86206
     13.26558    3100.24243
     13.26843    3100.62280
     13.27137    3101.00317
     13.27431    3101.38330
     13.27716    3101.76367
     13.27988    3102.14380
     13.28240    3102.52393
     13.28471    3102.90381
     13.28675    3103.28394
     13.28849    3103.66382
     13.26126    3104.04370
     13.23888    3104.42358
     13.22132    3104.80322
     13.20817    3105.18311
     13.19879    3105.56274
     13.19243    3105.94238
     13.18837    3106.32202
     13.18596    3106.70142
     13.18467    3107.08081
     13.18411    3107.46021
     13.18401    3107.83960
     13.18417    3108.21899
     13.18451    3108.59814
     13.18495    3108.97729
     13.18550    3109.35645
     13.18612    3109.73560
     13.18682    3110.11475
     13.18757    3110.49365
     13.18837    3110.87256
     13.18917    3111.25146
     13.18994    3111.63037
     13.19064    3112.00903
     13.19124    3112.38770
     13.19173    3112.76636
     13.19208    3113.14502
     13.19230    3113.52344
     13.19242    3113.90210
     13.19249    3114.28052
     13.19257    3114.65894
     13.19277    3115.03711
     13.19320    3115.41553
     13.19395    3115.79370
     13.19507    3116.17188
     13.19660    3116.55005
     13.19851    3116.92798
     13.20073    3117.30615
     13.20318    3117.68408
     13.20577    3118.06201
     13.20844    3118.43970
     13.21113    3118.81763
     13.21381    3119.19531
     13.21645    3119.57300
     13.21904    3119.95068
     13.22155    3120.32812
     13.22398    3120.70581
     13.22628    3121.08325
     13.22843    3121.46069
     13.23041    3121.83813
     13.23221    3122.21533
     13.23385    3122.59253
     13.23536    3122.96973
     13.23678    3123.34692
     13.23816    3123.72412
     13.23953    3124.10107
     13.24091    3124.47803
     13.24230    3124.85498
     13.24368    3125.23193
     13.24502    3125.60864
     13.24626    3125.98560
     13.24736    3126.36230
     13.24827    3126.73901
     13.24896    3127.11548
     13.24940    3127.49219
     13.24957    3127.86865
     13.24945    3128.24512
     13.24903    3128.62158
     13.24830    3128.99780
     13.24722    3129.37402
     13.24578    3129.75049
     13.24395    3130.12646
     13.24172    3130.50269
     13.23910    3130.87866
     13.23614    3131.25488
     13.23289    3131.63086
     13.22942    3132.00659
     13.22582    3132.38257
     13.22218    3132.75830
     13.21859    3133.13403
     13.21511    3133.50977
     13.21183    3133.88550
     13.20878    3134.26099
     13.20602    3134.63672
     13.20356    3135.01221
     13.20142    3135.38745
     13.19963    3135.76294
     13.19817    3136.13818
     13.19704    3136.51343
     13.19625    3136.88867
     13.19576    3137.26392
     13.19556    3137.63892
     13.19559    3138.01416
     13.19581    3138.38916
     13.19614    3138.76416
     13.19652    3139.13892
     13.19687    3139.51392
     13.19712    3139.88867
     13.19723    3140.26343
     13.19717    3140.63794
     13.19691    3141.01270
     13.19644    3141.38721
     13.19575    3141.76172
     13.19479    3142.13623
     13.19354    3142.51074
     13.19193    3142.88501
     13.18991    3143.25928
     13.18744    3143.63354
     13.18448    3144.00781
     13.18103    3144.38184
     13.17710    3144.75610
     13.17272    3145.13013
     13.16794    3145.50415
     13.16280    3145.87793
     13.15733    3146.25195
     13.15155    3146.62573
     13.14548    3146.99951
     13.13915    3147.37329
     13.13259    3147.74683
     13.12586    3148.12036
     13.11901    3148.49390
     13.11212    3148.86743
     13.10524    3149.24097
     13.09842    3149.61426
     13.09171    3149.98779
     13.08512    3150.36108
     13.07865    3150.73413
     13.07230    3151.10742
     13.06605    3151.48047
     13.05988    3151.85352
     13.05377    3152.22656
     13.04772    3152.59961
     13.04171    3152.97241
     13.03571    3153.34546
     13.02971    3153.71826
     13.02365    3154.09082
     13.01746    3154.46362
     13.01110    3154.83618
     13.00451    3155.20898
     12.99769    3155.58130
     12.99064    3155.95386
     12.98344    3156.32642
     12.97615    3156.69873
     12.96886    3157.07104
     12.96167    3157.44336
     12.95461    3157.81543
     12.94772    3158.18774
     12.94102    3158.55981
     12.93448    3158.93188
     12.92810    3159.30396
     12.92190    3159.67578
     12.91588    3160.04761
     12.91009    3160.41943
     12.90454    3160.79126
     12.89926    3161.16309
     12.89423    3161.53467
     12.88942    3161.90625
     12.88479    3162.27783
     12.88029    3162.64941
     12.87586    3163.02100
     12.87151    3163.39233
     12.86725    3163.76367
     12.86311    3164.13501
     12.85915    3164.50635
     12.85543    3164.87744
     12.85201    3165.24854
     12.84896    3165.61963
     12.84631    3165.99072
     12.84410    3166.36157
     12.84234    3166.73267
     12.84101    3167.10352
     12.84006    3167.47437
     12.83942    3167.84497
     12.83900    3168.21582
     12.83867    3168.58643
     12.83835    3168.95703
     12.83792    3169.32764
     12.83731    3169.69800
     12.83645    3170.06860
     12.83527    3170.43896
     12.83372    3170.80933
     12.83175    3171.17944
     12.82935    3171.54980
     12.82650    3171.91992
     12.82326    3172.29004
     12.81971    3172.66016
     12.81597    3173.03027
     12.81222    3173.40015
     12.80863    3173.77002
     12.80536    3174.13989
     12.80256    3174.50977
     12.80030    3174.87939
     12.79862    3175.24902
     12.79754    3175.61890
     12.79700    3175.98828
     12.79697    3176.35791
     12.79737    3176.72729
     12.79816    3177.09692
     12.79927    3177.46606
     12.80062    3177.83545
     12.80214    3178.20483
     12.80372    3178.57397
     12.80524    3178.94312
     12.80656    3179.31226
     12.80755    3179.68140
     12.80811    3180.05029
     12.80817    3180.41919
     12.80771    3180.78809
     12.80676    3181.15698
     12.80543    3181.52563
     12.80380    3181.89453
     12.80200    3182.26318
     12.80010    3182.63184
     12.79816    3183.00024
     12.79618    3183.36890
     12.79414    3183.73730
     12.79201    3184.10571
     12.78977    3184.47412
     12.78746    3184.84229
     12.78515    3185.21069
     12.78293    3185.57886
     12.78095    3185.94702
     12.77931    3186.31494
     12.77811    3186.68311
     12.77737    3187.05103
     12.77707    3187.41895
     12.77713    3187.78687
     12.77744    3188.15454
     12.77793    3188.52246
     12.77851    3188.89014
     12.77917    3189.25781
     12.77991    3189.62524
     12.78079    3189.99292
     12.78186    3190.36035
     12.78314    3190.72778
     12.78465    3191.09521
     12.78632    3191.46265
     12.78806    3191.82983
     12.78973    3192.19702
     12.79118    3192.56421
     12.79228    3192.93140
     12.79296    3193.29834
     12.79319    3193.66553
     12.79300    3194.03247
     12.79248    3194.39917
     12.79171    3194.76611
     12.79076    3195.13281
     12.78969    3195.49976
     12.78850    3195.86646
     12.78716    3196.23291
     12.78563    3196.59961
     12.78388    3196.96606
     12.78191    3197.33252
     12.77975    3197.69897
     12.77747    3198.06543
     12.77516    3198.43164
     12.77292    3198.79785
     12.77080    3199.16406
     12.76882    3199.53027
     12.76695    3199.89648
     12.76513    3200.26245
     12.76327    3200.62842
     12.76129    3200.99438
     12.75913    3201.36035
     12.75676    3201.72607
     12.75419    3202.09180
     12.75143    3202.45752
     12.74853    3202.82324
     12.74555    3203.18896
     12.74251    3203.55444
     12.73948    3203.91992
     12.73650    3204.28540
     12.73361    3204.65088
     12.73085    3205.01611
     12.72827    3205.38135
     12.72587    3205.74658
     12.72366    3206.11182
     12.72160    3206.47705
     12.71967    3206.84204
     12.71778    3207.20703
     12.71588    3207.57202
     12.71388    3207.93701
     12.71171    3208.30176
     12.70934    3208.66675
     12.70671    3209.03149
     12.70381    3209.39600
     12.70063    3209.76074
     12.69717    3210.12524
     12.69344    3210.48999
     12.68947    3210.85449
     12.68527    3211.21875
     12.68089    3211.58325
     12.67635    3211.94751
     12.67170    3212.31177
     12.66699    3212.67603
     12.66226    3213.04028
     12.65760    3213.40430
     12.65308    3213.76831
     12.64876    3214.13232
     12.64474    3214.49634
     12.64106    3214.86011
     12.63779    3215.22412
     12.63495    3215.58789
     12.63256    3215.95166
     12.63064    3216.31519
     12.62915    3216.67896
     12.62808    3217.04248
     12.62736    3217.40601
     12.62691    3217.76953
     12.62665    3218.13281
     12.62644    3218.49634
     12.62616    3218.85962
     12.62569    3219.22290
     12.62490    3219.58594
     12.62370    3219.94922
     12.62201    3220.31226
     12.61976    3220.67529
     12.61691    3221.03833
     12.61342    3221.40112
     12.60927    3221.76416
     12.60447    3222.12695
     12.59904    3222.48975
     12.59307    3222.85229
     12.58666    3223.21509
     12.57993    3223.57764
     12.57303    3223.94019
     12.56608    3224.30273
     12.55921    3224.66528
     12.55251    3225.02759
     12.54604    3225.38989
     12.53984    3225.75220
     12.53392    3226.11450
     12.52825    3226.47656
     12.52279    3226.83862
     12.51745    3227.20093
     12.51214    3227.56274
     12.50672    3227.92480
     12.50107    3228.28662
     12.49507    3228.64868
     12.48860    3229.01050
     12.48161    3229.37207
     12.47409    3229.73389
     12.46607    3230.09546
     12.45762    3230.45703
     12.44882    3230.81860
     12.43978    3231.18018
     12.43059    3231.54150
     12.42131    3231.90283
     12.41203    3232.26416
     12.40282    3232.62549
     12.39378    3232.98682
     12.38499    3233.34790
     12.37658    3233.70898
     12.36862    3234.07007
     12.36121    3234.43091
     12.35438    3234.79199
     12.34812    3235.15283
     12.34238    3235.51367
     12.33709    3235.87451
     12.33213    3236.23511
     12.32737    3236.59595
     12.32271    3236.95654
     12.31807    3237.31714
     12.31341    3237.67749
     12.30872    3238.03809
     12.30399    3238.39844
     12.29926    3238.75879
     12.29453    3239.11914
     12.28979    3239.47949
     12.28500    3239.83960
     12.28009    3240.19971
     12.27498    3240.55981
     12.26956    3240.91992
     12.26374    3241.27979
     12.25746    3241.63965
     12.25070    3241.99951
     12.24348    3242.35938
     12.23583    3242.71924
     12.22781    3243.07886
     12.21946    3243.43848
     12.21079    3243.79810
     12.20177    3244.15771
     12.19239    3244.51733
     12.18258    3244.87671
     12.17235    3245.23608
     12.16171    3245.59546
     12.15073    3245.95459
     12.13953    3246.31396
     12.12824    3246.67310
     12.11701    3247.03223
     12.10594    3247.39136
     12.09511    3247.75024
     12.08454    3248.10938
     12.07422    3248.46826
     12.06413    3248.82690
     12.05423    3249.18579
     12.04451    3249.54468
     12.03498    3249.90332
     12.02566    3250.26196
     12.01661    3250.62036
     12.00789    3250.97900
     11.99956    3251.33740
     11.99165    3251.69580
     11.98420    3252.05420
     11.97719    3252.41260
     11.97061    3252.77075
     11.96445    3253.12915
     11.95867    3253.48730
     11.95328    3253.84521
     11.94829    3254.20337
     11.94371    3254.56128
     11.93957    3254.91943
     11.93588    3255.27710
     11.93267    3255.63501
     11.92991    3255.99292
     11.92758    3256.35059
     11.92562    3256.70825
     11.92397    3257.06592
     11.92251    3257.42334
     11.92118    3257.78101
     11.91986    3258.13843
     11.91849    3258.49585
     11.91700    3258.85303
     11.91536    3259.21045
     11.91352    3259.56763
     11.91147    3259.92480
     11.90922    3260.28198
     11.90677    3260.63916
     11.90411    3260.99609
     11.90125    3261.35303
     11.89818    3261.70996
     11.89490    3262.06689
     11.89140    3262.42358
     11.88769    3262.78052
     11.88377    3263.13721
     11.87967    3263.49390
     11.87541    3263.85034
     11.87101    3264.20703
     11.86647    3264.56348
     11.86177    3264.91992
     11.85691    3265.27637
     11.85187    3265.63257
     11.84664    3265.98877
     11.84120    3266.34521
     11.83557    3266.70117
     11.82973    3267.05737
     11.82370    3267.41333
     11.81748    3267.76953
     11.81107    3268.12549
     11.80446    3268.48120
     11.79763    3268.83716
     11.79058    3269.19287
     11.78328    3269.54858
     11.77569    3269.90430
     11.76780    3270.26001
     11.75958    3270.61572
     11.75104    3270.97119
     11.74220    3271.32666
     11.73310    3271.68213
     11.72381    3272.03735
     11.71440    3272.39258
     11.70497    3272.74805
     11.69560    3273.10327
     11.68640    3273.45825
     11.67743    3273.81348
     11.66876    3274.16846
     11.66046    3274.52344
     11.65255    3274.87842
     11.64510    3275.23315
     11.63811    3275.58813
     11.63163    3275.94287
     11.62564    3276.29761
     11.62015    3276.65234
     11.61510    3277.00684
     11.61045    3277.36133
     11.60612    3277.71582
     11.60202    3278.07031
     11.59806    3278.42480
     11.59414    3278.77905
     11.59017    3279.13330
     11.58607    3279.48755
     11.58179    3279.84180
     11.57751    3280.19604
     11.57323    3280.55005
     11.56896    3280.90405
     11.56468    3281.25806
     11.56040    3281.61206
     11.55613    3281.96582
     11.55185    3282.31958
     11.54758    3282.67334
     11.54331    3283.02710
     11.53903    3283.38062
     11.53476    3283.73438
     11.53049    3284.08789
     11.52622    3284.44141
     11.52195    3284.79468
     11.51768    3285.14819
     11.51341    3285.50146
     11.50914    3285.85474
     11.50487    3286.20801
     11.50061    3286.56104
     11.49634    3286.91431
     11.49208    3287.26733
     11.48781    3287.62036
     11.48355    3287.97339
     11.47928    3288.32617
     11.47502    3288.67896
     11.47076    3289.03174
     11.46650    3289.38452
     11.46223    3289.73730
     11.45797    3290.08984
     11.45372    3290.44238
     11.44946    3290.79492
     11.44520    3291.14746
     11.44094    3291.49976
     11.43668    3291.85229
     11.43242    3292.20459
     11.42817    3292.55664
     11.42391    3292.90894
     11.41966    3293.26099
     11.41540    3293.61328
     11.41115    3293.96533
     11.40690    3294.31714
     11.40265    3294.66919
     11.39840    3295.02100
     11.39415    3295.37280
     11.38990    3295.72461
     11.38565    3296.07642
     11.38140    3296.42798
     11.37715    3296.77954
     11.37290    3297.13110
     11.36866    3297.48267
     11.36441    3297.83398
     11.36016    3298.18555
     11.35592    3298.53687
     11.35167    3298.88818
     11.34743    3299.23926
     11.34319    3299.59058
     11.33895    3299.94165
     11.33470    3300.29272
     11.33046    3300.64380
     11.32622    3300.99463
     11.32198    3301.34570
     11.31774    3301.69653
     11.31351    3302.04736
     11.30927    3302.39795
     11.30503    3302.74878
     11.30080    3303.09937
     11.29656    3303.44995
     11.29232    3303.80054
     11.28809    3304.15088
     11.28386    3304.50146
     11.27962    3304.85181
     11.27539    3305.20215
     11.27116    3305.55249
     11.26693    3305.90259
     11.26270    3306.25269
     11.25847    3306.60278
     11.25424    3306.95288
     11.25001    3307.30298
     11.24578    3307.65283
     11.24155    3308.00269
     11.23733    3308.35254
     11.23310    3308.70239
     11.22888    3309.05200
     11.22465    3309.40186
     11.22043    3309.75146
     11.21620    3310.10107
     11.21198    3310.45044
     11.20776    3310.80005
     11.20354    3311.14941
     11.19931    3311.49878
     11.19510    3311.84790
     11.19088    3312.19727
     11.18960	 3312.30289
     11.18538	 3312.65284
     11.18115	 3313.00273
     11.17693	 3313.35257
     11.17270	 3313.70236
     11.16848	 3314.05209
     11.16425	 3314.40176
     11.16003	 3314.75139
     11.15581	 3315.10096
     11.15159	 3315.45047
     11.14736	 3315.79993
     11.14314	 3316.14934
     11.13892	 3316.49870
     11.13471	 3316.84800
     11.13049	 3317.19725
