#Wavelength (Ang)
  2489.907705
  2490.366752
  2490.825745
  2491.284685
  2491.743572
  2492.202404
  2492.661183
  2493.119908
  2493.578580
  2494.037198
  2494.495762
  2494.954273
  2495.412730
  2495.871133
  2496.329482
  2496.787778
  2497.246021
  2497.704209
  2498.162344
  2498.620425
  2499.078453
  2499.536427
  2499.994347
  2500.452214
  2500.910027
  2501.367786
  2501.825491
  2502.283143
  2502.740742
  2503.198286
  2503.655777
  2504.113214
  2504.570598
  2505.027928
  2505.485204
  2505.942427
  2506.399596
  2506.856711
  2507.313773
  2507.770781
  2508.227735
  2508.684636
  2509.141483
  2509.598276
  2510.055015
  2510.511701
  2510.968334
  2511.424912
  2511.881437
  2512.337908
  2512.794326
  2513.250690
  2513.707000
  2514.163257
  2514.619460
  2515.075609
  2515.531705
  2515.987747
  2516.443735
  2516.899670
  2517.355551
  2517.811378
  2518.267152
  2518.722872
  2519.178538
  2519.634151
  2520.089710
  2520.545215
  2521.000667
  2521.456064
  2521.911409
  2522.366699
  2522.821936
  2523.277120
  2523.732249
  2524.187325
  2524.642348
  2525.097316
  2525.552231
  2526.007093
  2526.461900
  2526.916654
  2527.371355
  2527.826001
  2528.280594
  2528.735134
  2529.189619
  2529.644051
  2530.098430
  2530.552754
  2531.007025
  2531.461243
  2531.915406
  2532.369516
  2532.823573
  2533.277575
  2533.731524
  2534.185420
  2534.639261
  2535.093049
  2535.546784
  2536.000464
  2536.454091
  2536.907665
  2537.361184
  2537.814650
  2538.268063
  2538.721421
  2539.174726
  2539.627978
  2540.081175
  2540.534319
  2540.987410
  2541.440446
  2541.893429
  2542.346359
  2542.799235
  2543.252057
  2543.704825
  2544.157540
  2544.610201
  2545.062808
  2545.515362
  2545.967862
  2546.420308
  2546.872701
  2547.325040
  2547.777325
  2548.229557
  2548.681735
  2549.133859
  2549.585930
  2550.037947
  2550.489910
  2550.941820
  2551.393676
  2551.845479
  2552.297227
  2552.748922
  2553.200564
  2553.652151
  2554.103685
  2554.555166
  2555.006593
  2555.457966
  2555.909285
  2556.360551
  2556.811763
  2557.262921
  2557.714026
  2558.165077
  2558.616074
  2559.067018
  2559.517908
  2559.968745
  2560.419527
  2560.870256
  2561.320932
  2561.771553
  2562.222122
  2562.672636
  2563.123097
  2563.573504
  2564.023857
  2564.474157
  2564.924403
  2565.374595
  2565.824734
  2566.274819
  2566.724851
  2567.174828
  2567.624752
  2568.074623
  2568.524440
  2568.974203
  2569.423912
  2569.873568
  2570.323170
  2570.772718
  2571.222213
  2571.671654
  2572.121042
  2572.570375
  2573.019656
  2573.468882
  2573.918055
  2574.367174
  2574.816239
  2575.265251
  2575.714209
  2576.163114
  2576.611964
  2577.060761
  2577.509505
  2577.958195
  2578.406831
  2578.855413
  2579.303942
  2579.752417
  2580.200839
  2580.649206
  2581.097520
  2581.545781
  2581.993988
  2582.442141
  2582.890240
  2583.338286
  2583.786278
  2584.234217
  2584.682101
  2585.129933
  2585.577710
  2586.025434
  2586.473104
  2586.920720
  2587.368283
  2587.815792
  2588.263248
  2588.710650
  2589.157998
  2589.605292
  2590.052533
  2590.499720
  2590.946854
  2591.393933
  2591.840959
  2592.287932
  2592.734851
  2593.181716
  2593.628527
  2594.075285
  2594.521989
  2594.968640
  2595.415237
  2595.861780
  2596.308269
  2596.754705
  2597.201087
  2597.647416
  2598.093691
  2598.539912
  2598.986079
  2599.432193
  2599.878253
  2600.324260
  2600.770212
  2601.216112
  2601.661957
  2602.107749
  2602.553487
  2602.999172
  2603.444802
  2603.890380
  2604.335903
  2604.781373
  2605.226789
  2605.672152
  2606.117460
  2606.562716
  2607.007917
  2607.453065
  2607.898159
  2608.343200
  2608.788187
  2609.233120
  2609.677999
  2610.122825
  2610.567597
  2611.012316
  2611.456981
  2611.901592
  2612.346149
  2612.790653
  2613.235103
  2613.679500
  2614.123843
  2614.568132
  2615.012367
  2615.456549
  2615.900678
  2616.344752
  2616.788773
  2617.232740
  2617.676654
  2618.120514
  2618.564320
  2619.008072
  2619.451771
  2619.895416
  2620.339008
  2620.782546
  2621.226030
  2621.669461
  2622.112837
  2622.556161
  2622.999430
  2623.442646
  2623.885808
  2624.328917
  2624.771972
  2625.214973
  2625.657920
  2626.100814
  2626.543655
  2626.986441
  2627.429174
  2627.871853
  2628.314479
  2628.757051
  2629.199569
  2629.642033
  2630.084444
  2630.526802
  2630.969105
  2631.411355
  2631.853551
  2632.295694
  2632.737783
  2633.179818
  2633.621800
  2634.063727
  2634.505602
  2634.947422
  2635.389189
  2635.830902
  2636.272562
  2636.714168
  2637.155720
  2637.597219
  2638.038664
  2638.480055
  2638.921392
  2639.362676
  2639.803907
  2640.245083
  2640.686206
  2641.127275
  2641.568291
  2642.009253
  2642.450161
  2642.891016
  2643.331817
  2643.772564
  2644.213258
  2644.653897
  2645.094484
  2645.535016
  2645.975495
  2646.415921
  2646.856292
  2647.296610
  2647.736874
  2648.177085
  2648.617242
  2649.057345
  2649.497395
  2649.937391
  2650.377333
  2650.817222
  2651.257057
  2651.696838
  2652.136565
  2652.576239
  2653.015860
  2653.455426
  2653.894939
  2654.334399
  2654.773804
  2655.213156
  2655.652454
  2656.091699
  2656.530890
  2656.970027
  2657.409111
  2657.848141
  2658.287117
  2658.726040
  2659.164909
  2659.603724
  2660.042486
  2660.481194
  2660.919848
  2661.358449
  2661.796996
  2662.235489
  2662.673929
  2663.112315
  2663.550647
  2663.988925
  2664.427150
  2664.865322
  2665.303439
  2665.741503
  2666.179514
  2666.617470
  2667.055373
  2667.493223
  2667.931018
  2668.368760
  2668.806449
  2669.244083
  2669.681664
  2670.119192
  2670.556665
  2670.994085
  2671.431452
  2671.868764
  2672.306023
  2672.743229
  2673.180380
  2673.617478
  2674.054523
  2674.491513
  2674.928450
  2675.365334
  2675.802163
  2676.238939
  2676.675662
  2677.112330
  2677.548945
  2677.985507
  2678.422014
  2678.858468
  2679.294869
  2679.731215
  2680.167508
  2680.603748
  2681.039933
  2681.476065
  2681.912144
  2682.348168
  2682.784139
  2683.220057
  2683.655920
  2684.091730
  2684.527487
  2684.963190
  2685.398839
  2685.834434
  2686.269976
  2686.705464
  2687.140898
  2687.576279
  2688.011606
  2688.446879
  2688.882099
  2689.317265
  2689.752377
  2690.187436
  2690.622441
  2691.057392
  2691.492290
  2691.927134
  2692.361924
  2692.796661
  2693.231344
  2693.665974
  2694.100549
  2694.535071
  2694.969540
  2695.403954
  2695.838316
  2696.272623
  2696.706877
  2697.141077
  2697.575223
  2698.009316
  2698.443355
  2698.877340
  2699.311272
  2699.745150
  2700.178974
  2700.612745
  2701.046462
  2701.480126
  2701.913735
  2702.347291
  2702.780794
  2703.214243
  2703.647638
  2704.080979
  2704.514267
  2704.947501
  2705.380681
  2705.813808
  2706.246881
  2706.679901
  2707.112866
  2707.545778
  2707.978637
  2708.411442
  2708.844193
  2709.276890
  2709.709534
  2710.142124
  2710.574660
  2711.007143
  2711.439572
  2711.871948
  2712.304269
  2712.736537
  2713.168752
  2713.600913
  2714.033020
  2714.465073
  2714.897073
  2715.329019
  2715.760911
  2716.192750
  2716.624535
  2717.056267
  2717.487945
  2717.919569
  2718.351139
  2718.782656
  2719.214119
  2719.645528
  2720.076884
  2720.508186
  2720.939435
  2721.370630
  2721.801771
  2722.232858
  2722.663892
  2723.094872
  2723.525798
  2723.956671
  2724.387490
  2724.818256
  2725.248968
  2725.679626
  2726.110230
  2726.540781
  2726.971278
  2727.401722
  2727.832111
  2728.262447
  2728.692730
  2729.122959
  2729.553134
  2729.983255
  2730.413323
  2730.843337
  2731.273298
  2731.703205
  2732.133058
  2732.562857
  2732.992603
  2733.422295
  2733.851934
  2734.281518
  2734.711050
  2735.140527
  2735.569951
  2735.999321
  2736.428638
  2736.857900
  2737.287109
  2737.716265
  2738.145367
  2738.574415
  2739.003409
  2739.432350
  2739.861237
  2740.290071
  2740.718851
  2741.147577
  2741.576249
  2742.004868
  2742.433433
  2742.861945
  2743.290403
  2743.718807
  2744.147157
  2744.575454
  2745.003697
  2745.431887
  2745.860023
  2746.288105
  2746.716133
  2747.144108
  2747.572029
  2747.999897
  2748.427711
  2748.855471
  2749.283178
  2749.710830
  2750.138430
  2750.565975
  2750.993467
  2751.420905
  2751.848290
  2752.275620
  2752.702898
  2753.130121
  2753.557291
  2753.984407
  2754.411470
  2754.838479
  2755.265434
  2755.692335
  2756.119183
  2756.545977
  2756.972718
  2757.399405
  2757.826038
  2758.252618
  2758.679143
  2759.105616
  2759.532034
  2759.958399
  2760.384710
  2760.810968
  2761.237172
  2761.663322
  2762.089418
  2762.515461
  2762.941451
  2763.367386
  2763.793268
  2764.219096
  2764.644871
  2765.070592
  2765.496259
  2765.921872
  2766.347432
  2766.772939
  2767.198391
  2767.623790
  2768.049135
  2768.474427
  2768.899665
  2769.324849
  2769.749980
  2770.175056
  2770.600080
  2771.025049
  2771.449965
  2771.874827
  2772.299636
  2772.724391
  2773.149092
  2773.573740
  2773.998334
  2774.422874
  2774.847360
  2775.271793
  2775.696173
  2776.120498
  2776.544770
  2776.968988
  2777.393153
  2777.817264
  2778.241321
  2778.665325
  2779.089275
  2779.513171
  2779.937013
  2780.360802
  2780.784538
  2781.208219
  2781.631847
  2782.055421
  2782.478942
  2782.902409
  2783.325822
  2783.749182
  2784.172488
  2784.595740
  2785.018939
  2785.442084
  2785.865175
  2786.288212
  2786.711196
  2787.134127
  2787.557003
  2787.979826
  2788.402595
  2788.825311
  2789.247973
  2789.670581
  2790.093136
  2790.515637
  2790.938084
  2791.360478
  2791.782818
  2792.205104
  2792.627337
  2793.049516
  2793.471641
  2793.893713
  2794.315730
  2794.737695
  2795.159605
  2795.581462
  2796.003266
  2796.425015
  2796.846711
  2797.268354
  2797.689942
  2798.111477
  2798.532958
  2798.954386
  2799.375760
  2799.797080
  2800.218347
  2800.639560
  2801.060719
  2801.481825
  2801.902877
  2802.323875
  2802.744820
  2803.165711
  2803.586548
  2804.007332
  2804.428062
  2804.848738
  2805.269361
  2805.689930
  2806.110445
  2806.530907
  2806.951315
  2807.371669
  2807.791970
  2808.212217
  2808.632410
  2809.052550
  2809.472636
  2809.892668
  2810.312647
  2810.732572
  2811.152443
  2811.572261
  2811.992025
  2812.411735
  2812.831392
  2813.250995
  2813.670544
  2814.090040
  2814.509482
  2814.928870
  2815.348205
  2815.767486
  2816.186713
  2816.605887
  2817.025007
  2817.444073
  2817.863086
  2818.282045
  2818.700950
  2819.119802
  2819.538600
  2819.957344
  2820.376035
  2820.794672
  2821.213255
  2821.631785
  2822.050261
  2822.468684
  2822.887052
  2823.305367
  2823.723629
  2824.141836
  2824.559990
  2824.978091
  2825.396137
  2825.814130
  2826.232070
  2826.649956
  2827.067788
  2827.485566
  2827.903291
  2828.320962
  2828.738579
  2829.156143
  2829.573653
  2829.991109
  2830.408512
  2830.825861
  2831.243156
  2831.660398
  2832.077586
  2832.494721
  2832.911801
  2833.328828
  2833.745802
  2834.162721
  2834.579588
  2834.996400
  2835.413159
  2835.829864
  2836.246515
  2836.663113
  2837.079657
  2837.496147
  2837.912584
  2838.328967
  2838.745297
  2839.161572
  2839.577794
  2839.993963
  2840.410077
  2840.826139
  2841.242146
  2841.658100
  2842.074000
  2842.489846
  2842.905639
  2843.321378
  2843.737063
  2844.152695
  2844.568273
  2844.983798
  2845.399268
  2845.814686
  2846.230049
  2846.645359
  2847.060615
  2847.475817
  2847.890966
  2848.306061
  2848.721103
  2849.136090
  2849.551024
  2849.965905
  2850.380732
  2850.795505
  2851.210224
  2851.624890
  2852.039502
  2852.454060
  2852.868565
  2853.283016
  2853.697414
  2854.111758
  2854.526048
  2854.940284
  2855.354467
  2855.768596
  2856.182671
  2856.596693
  2857.010661
  2857.424576
  2857.838437
  2858.252244
  2858.665997
  2859.079697
  2859.493343
  2859.906936
  2860.320474
  2860.733959
  2861.147391
  2861.560769
  2861.974093
  2862.387363
  2862.800580
  2863.213743
  2863.626853
  2864.039909
  2864.452911
  2864.865859
  2865.278754
  2865.691595
  2866.104383
  2866.517116
  2866.929796
  2867.342423
  2867.754996
  2868.167515
  2868.579980
  2868.992392
  2869.404750
  2869.817055
  2870.229306
  2870.641503
  2871.053646
  2871.465736
  2871.877772
  2872.289755
  2872.701684
  2873.113559
  2873.525380
  2873.937148
  2874.348862
  2874.760523
  2875.172130
  2875.583683
  2875.995182
  2876.406628
  2876.818020
  2877.229359
  2877.640644
  2878.051875
  2878.463052
  2878.874176
  2879.285246
  2879.696263
  2880.107226
  2880.518135
  2880.928990
  2881.339792
  2881.750540
  2882.161235
  2882.571876
  2882.982463
  2883.392996
  2883.803476
  2884.213902
  2884.624275
  2885.034594
  2885.444859
  2885.855070
  2886.265228
  2886.675333
  2887.085383
  2887.495380
  2887.905323
  2888.315213
  2888.725049
  2889.134831
  2889.544559
  2889.954234
  2890.363855
  2890.773423
  2891.182937
  2891.592397
  2892.001803
  2892.411156
  2892.820456
  2893.229701
  2893.638893
  2894.048031
  2894.457116
  2894.866147
  2895.275124
  2895.684047
  2896.092917
  2896.501733
  2896.910496
  2897.319205
  2897.727860
  2898.136462
  2898.545010
  2898.953504
  2899.361944
  2899.770331
  2900.178664
  2900.586944
  2900.995170
  2901.403342
  2901.811461
  2902.219526
  2902.627537
  2903.035494
  2903.443398
  2903.851249
  2904.259045
  2904.666788
  2905.074477
  2905.482113
  2905.889695
  2906.297223
  2906.704698
  2907.112119
  2907.519486
  2907.926799
  2908.334059
  2908.741266
  2909.148418
  2909.555517
  2909.962562
  2910.369554
  2910.776492
  2911.183376
  2911.590207
  2911.996984
  2912.403707
  2912.810376
  2913.216992
  2913.623555
  2914.030063
  2914.436518
  2914.842919
  2915.249267
  2915.655561
  2916.061801
  2916.467988
  2916.874121
  2917.280200
  2917.686226
  2918.092198
  2918.498116
  2918.903980
  2919.309791
  2919.715549
  2920.121252
  2920.526902
  2920.932498
  2921.338041
  2921.743530
  2922.148965
  2922.554347
  2922.959675
  2923.364949
  2923.770170
  2924.175337
  2924.580450
  2924.985510
  2925.390516
  2925.795468
  2926.200367
  2926.605212
  2927.010003
  2927.414740
  2927.819424
  2928.224055
  2928.628631
  2929.033154
  2929.437624
  2929.842039
  2930.246401
  2930.650710
  2931.054964
  2931.459165
  2931.863312
  2932.267406
  2932.671446
  2933.075432
  2933.479365
  2933.883244
  2934.287069
  2934.690841
  2935.094559
  2935.498223
  2935.901834
  2936.305391
  2936.708894
  2937.112344
  2937.515740
  2937.919082
  2938.322371
  2938.725606
  2939.128787
  2939.531915
  2939.934989
  2940.338009
  2940.740976
  2941.143889
  2941.546748
  2941.949554
  2942.352306
  2942.755004
  2943.157649
  2943.560240
  2943.962777
  2944.365261
  2944.767691
  2945.170067
  2945.572390
  2945.974659
  2946.376874
  2946.779036
  2947.181144
  2947.583198
  2947.985199
  2948.387146
  2948.789039
  2949.190879
  2949.592665
  2949.994397
  2950.396076
  2950.797701
  2951.199272
  2951.600790
  2952.002254
  2952.403665
  2952.805021
  2953.206324
  2953.607574
  2954.008769
  2954.409911
  2954.811000
  2955.212034
  2955.613016
  2956.013943
  2956.414817
  2956.815637
  2957.216403
  2957.617116
  2958.017775
  2958.418380
  2958.818932
  2959.219430
  2959.619874
  2960.020265
  2960.420602
  2960.820885
  2961.221115
  2961.621291
  2962.021414
  2962.421482
  2962.821497
  2963.221459
  2963.621366
  2964.021221
  2964.421021
  2964.820768
  2965.220461
  2965.620100
  2966.019686
  2966.419218
  2966.818696
  2967.218121
  2967.617492
  2968.016810
  2968.416073
  2968.815283
  2969.214440
  2969.613542
  2970.012592
  2970.411587
  2970.810529
  2971.209417
  2971.608251
  2972.007032
  2972.405759
  2972.804432
  2973.203052
  2973.601618
  2974.000131
  2974.398589
  2974.796995
  2975.195346
  2975.593644
  2975.991888
  2976.390078
  2976.788215
  2977.186298
  2977.584328
  2977.982303
  2978.380225
  2978.778094
  2979.175909
  2979.573670
  2979.971377
  2980.369031
  2980.766631
  2981.164177
  2981.561670
  2981.959109
  2982.356495
  2982.753827
  2983.151105
  2983.548329
  2983.945500
  2984.342617
  2984.739680
  2985.136690
  2985.533646
  2985.930549
  2986.327398
  2986.724193
  2987.120934
  2987.517622
  2987.914256
  2988.310836
  2988.707363
  2989.103836
  2989.500256
  2989.896622
  2990.292934
  2990.689192
  2991.085397
  2991.481548
  2991.877646
  2992.273689
  2992.669680
  2993.065616
  2993.461499
  2993.857328
  2994.253103
  2994.648825
  2995.044493
  2995.440108
  2995.835669
  2996.231176
  2996.626629
  2997.022029
  2997.417375
  2997.812668
  2998.207907
  2998.603092
  2998.998223
  2999.393301
  2999.788325
  3000.183296
  3000.578212
  3000.973076
  3001.367885
  3001.762641
  3002.157343
  3002.551992
  3002.946586
  3003.341128
  3003.735615
  3004.130049
  3004.524429
  3004.918756
  3005.313028
  3005.707248
  3006.101413
  3006.495525
  3006.889583
  3007.283588
  3007.677538
  3008.071436
  3008.465279
  3008.859069
  3009.252805
  3009.646488
  3010.040117
  3010.433692
  3010.827213
  3011.220681
  3011.614095
  3012.007456
  3012.400763
  3012.794016
  3013.187215
  3013.580361
  3013.973453
  3014.366492
  3014.759477
  3015.152408
  3015.545285
  3015.938109
  3016.330880
  3016.723596
  3017.116259
  3017.508868
  3017.901424
  3018.293926
  3018.686374
  3019.078768
  3019.471109
  3019.863396
  3020.255630
  3020.647810
  3021.039936
  3021.432009
  3021.824027
  3022.215993
  3022.607904
  3022.999762
  3023.391566
  3023.783317
  3024.175014
  3024.566657
  3024.958246
  3025.349782
  3025.741265
  3026.132693
  3026.524068
  3026.915389
  3027.306657
  3027.697871
  3028.089031
  3028.480138
  3028.871190
  3029.262190
  3029.653135
  3030.044027
  3030.434865
  3030.825650
  3031.216381
  3031.607058
  3031.997682
  3032.388252
  3032.778768
  3033.169230
  3033.559639
  3033.949995
  3034.340296
  3034.730544
  3035.120738
  3035.510879
  3035.900966
  3036.290999
  3036.680979
  3037.070905
  3037.460777
  3037.850595
  3038.240360
  3038.630072
  3039.019729
  3039.409333
  3039.798883
  3040.188380
  3040.577823
  3040.967212
  3041.356548
  3041.745830
  3042.135058
  3042.524232
  3042.913353
  3043.302421
  3043.691434
  3044.080394
  3044.469301
  3044.858153
  3045.246952
  3045.635697
  3046.024389
  3046.413027
  3046.801611
  3047.190142
  3047.578619
  3047.967042
  3048.355412
  3048.743728
  3049.131990
  3049.520198
  3049.908353
  3050.296455
  3050.684502
  3051.072496
  3051.460437
  3051.848323
  3052.236156
  3052.623935
  3053.011661
  3053.399333
  3053.786951
  3054.174516
  3054.562027
  3054.949484
  3055.336888
  3055.724238
  3056.111534
  3056.498777
  3056.885966
  3057.273101
  3057.660183
  3058.047211
  3058.434185
  3058.821106
  3059.207973
  3059.594786
  3059.981546
  3060.368252
  3060.754904
  3061.141503
  3061.528048
  3061.914539
  3062.300977
  3062.687361
  3063.073691
  3063.459968
  3063.846190
  3064.232360
  3064.618475
  3065.004537
  3065.390546
  3065.776500
  3066.162401
  3066.548249
  3066.934042
  3067.319782
  3067.705469
  3068.091101
  3068.476680
  3068.862206
  3069.247677
  3069.633095
  3070.018460
  3070.403771
  3070.789028
  3071.174231
  3071.559381
  3071.944477
  3072.329519
  3072.714508
  3073.099443
  3073.484324
  3073.869152
  3074.253926
  3074.638646
  3075.023313
  3075.407926
  3075.792485
  3076.176991
  3076.561443
  3076.945841
  3077.330186
  3077.714477
  3078.098714
  3078.482898
  3078.867028
  3079.251104
  3079.635127
  3080.019096
  3080.403011
  3080.786873
  3081.170681
  3081.554436
  3081.938136
  3082.321783
  3082.705377
  3083.088916
  3083.472402
  3083.855835
  3084.239214
  3084.622539
  3085.005810
  3085.389028
  3085.772192
  3086.155302
  3086.538359
  3086.921362
  3087.304311
  3087.687207
  3088.070049
  3088.452837
  3088.835572
  3089.218253
  3089.600881
  3089.983454
  3090.365974
  3090.748441
  3091.130854
  3091.513213
  3091.895518
  3092.277770
  3092.659968
  3093.042112
  3093.424203
  3093.806240
  3094.188223
  3094.570153
  3094.952029
  3095.333852
  3095.715620
  3096.097336
  3096.478997
  3096.860605
  3097.242159
  3097.623659
  3098.005106
  3098.386499
  3098.767838
  3099.149124
  3099.530356
  3099.911535
  3100.292659
  3100.673731
  3101.054748
  3101.435712
  3101.816622
  3102.197478
  3102.578281
  3102.959030
  3103.339726
  3103.720367
  3104.100955
  3104.481490
  3104.861971
  3105.242398
  3105.622771
  3106.003091
  3106.383357
  3106.763570
  3107.143728
  3107.523833
  3107.903885
  3108.283883
  3108.663827
  3109.043717
  3109.423554
  3109.803337
  3110.183067
  3110.562742
  3110.942364
  3111.321933
  3111.701448
  3112.080909
  3112.460316
  3112.839670
  3113.218970
  3113.598217
  3113.977409
  3114.356549
  3114.735634
  3115.114666
  3115.493644
  3115.872568
  3116.251439
  3116.630256
  3117.009020
  3117.387730
  3117.766386
  3118.144988
  3118.523537
  3118.902032
  3119.280474
  3119.658862
  3120.037196
  3120.415476
  3120.793703
  3121.171876
  3121.549996
  3121.928061
  3122.306074
  3122.684032
  3123.061937
  3123.439788
  3123.817586
  3124.195329
  3124.573020
  3124.950656
  3125.328239
  3125.705768
  3126.083244
  3126.460665
  3126.838033
  3127.215348
  3127.592609
  3127.969816
  3128.346969
  3128.724069
  3129.101116
  3129.478108
  3129.855047
  3130.231932
  3130.608764
  3130.985541
  3131.362266
  3131.738936
  3132.115553
  3132.492116
  3132.868626
  3133.245081
  3133.621484
  3133.997832
  3134.374127
  3134.750368
  3135.126556
  3135.502690
  3135.878770
  3136.254796
  3136.630769
  3137.006688
  3137.382554
  3137.758366
  3138.134124
  3138.509828
  3138.885479
  3139.261077
  3139.636620
  3140.012110
  3140.387546
  3140.762929
  3141.138258
  3141.513533
  3141.888754
  3142.263922
  3142.639036
  3143.014097
  3143.389104
  3143.764057
  3144.138957
  3144.513802
  3144.888595
  3145.263333
  3145.638018
  3146.012649
  3146.387227
  3146.761751
  3147.136221
  3147.510637
  3147.885000
  3148.259310
  3148.633565
  3149.007767
  3149.381915
  3149.756010
  3150.130051
  3150.504038
  3150.877972
  3151.251851
  3151.625678
  3151.999450
  3152.373169
  3152.746834
  3153.120446
  3153.494004
  3153.867508
  3154.240959
  3154.614356
  3154.987699
  3155.360988
  3155.734224
  3156.107407
  3156.480535
  3156.853610
  3157.226631
  3157.599599
  3157.972513
  3158.345373
  3158.718180
  3159.090933
  3159.463632
  3159.836277
  3160.208869
  3160.581408
  3160.953892
  3161.326323
  3161.698700
  3162.071024
  3162.443294
  3162.815510
  3163.187673
  3163.559782
  3163.931837
  3164.303839
  3164.675787
  3165.047681
  3165.419521
  3165.791308
  3166.163042
  3166.534721
  3166.906347
  3167.277919
  3167.649438
  3168.020903
  3168.392314
  3168.763672
  3169.134976
  3169.506226
  3169.877423
  3170.248566
  3170.619655
  3170.990691
  3171.361673
  3171.732601
  3172.103475
  3172.474296
  3172.845064
  3173.215777
  3173.586437
  3173.957044
  3174.327596
  3174.698095
  3175.068541
  3175.438932
  3175.809270
  3176.179554
  3176.549785
  3176.919962
  3177.290085
  3177.660155
  3178.030171
  3178.400133
  3178.770042
  3179.139897
  3179.509698
  3179.879446
  3180.249140
  3180.618780
  3180.988367
  3181.357900
  3181.727379
  3182.096805
  3182.466177
  3182.835495
  3183.204760
  3183.573971
  3183.943128
  3184.312232
  3184.681282
  3185.050278
  3185.419221
  3185.788110
  3186.156945
  3186.525727
  3186.894455
  3187.263129
  3187.631750
  3188.000317
  3188.368830
  3188.737290
  3189.105696
  3189.474048
  3189.842347
  3190.210592
  3190.578783
  3190.946921
  3191.315005
  3191.683035
  3192.051012
  3192.418935
  3192.786804
  3193.154620
  3193.522382
  3193.890090
  3194.257745
  3194.625346
  3194.992893
  3195.360387
  3195.727827
  3196.095213
  3196.462546
  3196.829825
  3197.197050
  3197.564222
  3197.931340
  3198.298405
  3198.665415
  3199.032372
  3199.399276
  3199.766125
  3200.132921
  3200.499664
  3200.866352
  3201.232987
  3201.599569
  3201.966097
  3202.332571
  3202.698991
  3203.065358
  3203.431671
  3203.797930
  3204.164136
  3204.530288
  3204.896386
  3205.262431
  3205.628422
  3205.994359
  3206.360243
  3206.726073
  3207.091850
  3207.457572
  3207.823241
  3208.188857
  3208.554419
  3208.919927
  3209.285381
  3209.650782
  3210.016129
  3210.381422
  3210.746662
  3211.111848
  3211.476980
  3211.842059
  3212.207084
  3212.572056
  3212.936973
  3213.301837
  3213.666648
  3214.031405
  3214.396108
  3214.760757
  3215.125353
  3215.489895
  3215.854383
  3216.218818
  3216.583199
  3216.947527
  3217.311800
  3217.676020
  3218.040187
  3218.404300
  3218.768359
  3219.132364
  3219.496316
  3219.860214
  3220.224058
  3220.587849
  3220.951586
  3221.315270
  3221.678899
  3222.042476
  3222.405998
  3222.769467
  3223.132882
  3223.496243
  3223.859551
  3224.222805
  3224.586006
  3224.949152
  3225.312245
  3225.675285
  3226.038271
  3226.401203
  3226.764081
  3227.126906
  3227.489677
  3227.852395
  3228.215058
  3228.577669
  3228.940225
  3229.302728
  3229.665177
  3230.027572
  3230.389914
  3230.752202
  3231.114437
  3231.476618
  3231.838745
  3232.200818
  3232.562838
  3232.924804
  3233.286716
  3233.648575
  3234.010380
  3234.372132
  3234.733830
  3235.095474
  3235.457064
  3235.818601
  3236.180084
  3236.541514
  3236.902890
  3237.264212
  3237.625480
  3237.986695
  3238.347856
  3238.708964
  3239.070017
  3239.431018
  3239.791964
  3240.152857
  3240.513696
  3240.874482
  3241.235213
  3241.595892
  3241.956516
  3242.317087
  3242.677604
  3243.038067
  3243.398477
  3243.758833
  3244.119136
  3244.479385
  3244.839580
  3245.199721
  3245.559809
  3245.919843
  3246.279824
  3246.639751
  3246.999624
  3247.359443
  3247.719209
  3248.078922
  3248.438580
  3248.798185
  3249.157736
  3249.517234
  3249.876677
  3250.236068
  3250.595404
  3250.954687
  3251.313916
  3251.673092
  3252.032214
  3252.391282
  3252.750296
  3253.109257
  3253.468164
  3253.827018
  3254.185818
  3254.544564
  3254.903256
  3255.261895
  3255.620480
  3255.979012
  3256.337490
  3256.695914
  3257.054285
  3257.412601
  3257.770865
  3258.129074
  3258.487230
  3258.845332
  3259.203381
  3259.561376
  3259.919317
  3260.277204
  3260.635038
  3260.992819
  3261.350545
  3261.708218
  3262.065837
  3262.423403
  3262.780915
  3263.138373
  3263.495777
  3263.853128
  3264.210425
  3264.567669
  3264.924859
  3265.281995
  3265.639078
  3265.996107
  3266.353082
  3266.710003
  3267.066871
  3267.423686
  3267.780446
  3268.137153
  3268.493806
  3268.850406
  3269.206952
  3269.563444
  3269.919883
  3270.276267
  3270.632599
  3270.988876
  3271.345100
  3271.701270
  3272.057387
  3272.413450
  3272.769459
  3273.125415
  3273.481317
  3273.837165
  3274.192959
  3274.548700
  3274.904388
  3275.260021
  3275.615601
  3275.971127
  3276.326600
  3276.682019
  3277.037384
  3277.392696
  3277.747954
  3278.103158
  3278.458309
  3278.813406
  3279.168449
  3279.523438
  3279.878374
  3280.233257
  3280.588085
  3280.942860
  3281.297581
  3281.652249
  3282.006863
  3282.361423
  3282.715930
  3283.070383
  3283.424782
  3283.779128
  3284.133420
  3284.487658
  3284.841843
  3285.195974
  3285.550051
  3285.904074
  3286.258044
  3286.611961
  3286.965823
  3287.319632
  3287.673388
  3288.027089
  3288.380737
  3288.734331
  3289.087872
  3289.441359
  3289.794792
  3290.148172
  3290.501498
  3290.854770
  3291.207989
  3291.561154
  3291.914265
  3292.267323
  3292.620327
  3292.973277
  3293.326174
  3293.679017
  3294.031806
  3294.384542
  3294.737224
  3295.089852
  3295.442427
  3295.794948
  3296.147415
  3296.499829
  3296.852188
  3297.204495
  3297.556747
  3297.908946
  3298.261092
  3298.613183
  3298.965221
  3299.317206
  3299.669136
  3300.021013
  3300.372837
  3300.724606
  3301.076322
  3301.427985
  3301.779593
  3302.131148
  3302.482650
  3302.834097
  3303.185491
  3303.536832
  3303.888118
  3304.239351
  3304.590531
  3304.941656
  3305.292728
  3305.643747
  3305.994711
  3306.345623
  3306.696480
  3307.047284
  3307.398034
  3307.748730
  3308.099373
  3308.449962
  3308.800497
  3309.150979
  3309.501407
  3309.851781
  3310.202102
  3310.552369
  3310.902582
  3311.252742
  3311.602848
  3311.952900
  3312.302899
  3312.652844
  3313.002735
  3313.352573
  3313.702357
  3314.052087
  3314.401764
  3314.751387
  3315.100957
  3315.450472
  3315.799934
  3316.149343
  3316.498697
  3316.847998
  3317.197246
